
	param.ts_erev=-62.9
	param.n.x[hsr][ts]=25
	param.n.x[lsr][ts]=25
	param.n.x[ds][ts]=20
	param.n.x[tv][ts]=20
	param.n.x[glg][ts]=20	
 // Tue Jun 18 15:08:51 EST 2013
  
param.w.x[lsr][ts] = 0.00400544*1
param.w.x[hsr][ts] = 0.00117195*1
param.w.x[ds][ts] = 0.000220428*1
param.w.x[tv][ts] = 1.10247e-06*1
param.w.x[glg][ts] = 0.00126076*1
param.ts_gleak = 0.000643924*1
param.ts_erev = 0.0629*-1000

