//Fri Jul 20 14:15:11 AUSEDT 2012

param.w.x[glg][ds]						= 0.000531549
param.w.x[hsr][ds]						= 0.000167221
param.w.x[lsr][ds]						= 0.013091

// Sunday 5 August  18:06:06 EST 2012
 
param.w.x[lsr][ds] = 0.0101869 
param.w.x[hsr][ds] = 0.000167221    //   [1e-06,0.03]
param.w.x[glg][ds] = 0.00483773     //   [1e-06,0.03]
param.n.x[lsr][ds] = 56.5702   //[0.001,0.2]
param.n.x[hsr][ds] = 157.798   //[0.001,0.2]
param.n.x[glg][ds] = 8.90035   //[0.001,0.2]

