param.w.x[glg][ds]=0.004613
param.w.x[hsr][ds]=0.001777
param.w.x[lsr][ds]=0.003025
gaba_decay=21.141