 //  Sun Sep  3 15:39:32 AUSEDT 2011
  
param.w.x[lsr][tv] = 0.0021707*1
param.w.x[hsr][tv] = 0.0006168*1
param.w.x[hsr][ds] = 0.0018*1
