//Fri Jul 20 14:15:11 AUSEDT 2012

param.w.x[glg][ds]						= 0.000531549
param.w.x[hsr][ds]						= 0.000167221
param.w.x[lsr][ds]						= 0.013091
