 // 20130903+13:30:21
  
param.w.x[lsr][ts] = 0.0016202*1
param.w.x[hsr][ts] = 0.00088558*1
param.w.x[ds][ts] = 0.00040527*1
param.w.x[tv][ts] = 0.00032426*1
param.w.x[glg][ts] = 0.00014179*1

 // 20130903+13:45:23
  
param.w.x[lsr][ts] = 0.0016202*1
param.w.x[hsr][ts] = 0.00088558*1
param.w.x[ds][ts] = 0.00040527*1
param.w.x[tv][ts] = 0.00032426*1
param.w.x[glg][ts] = 0.00014179*1

