 // 20130903+13:30:22
  
param.w.x[lsr][ts] = 0.0014116*1
param.w.x[hsr][ts] = 0.001099*1
param.w.x[ds][ts] = 0.00041157*1
param.w.x[tv][ts] = 0.00015319*1
param.w.x[glg][ts] = 0.00038271*1

